false
town
0
100
100
10
0
0
0
0
0
0
0
-1
-1
-1
-1
-1
-1
-1
0
-2
20
-2
0
-2
0
-2
0
-2
-2
-1
-1
-1
-1
-1
-1
-1
-2
-2
1
-2
0
-2
0
-2
0
-2
-2
-1
-1
-1
-1
-1
-1
-1
-2
-2
10
-2
0
-2
0
-2
0
-2
0
-1
-1
-1
-1
-1
-1
-1
0
0
-1
-1
-1
-1
-1
-1
-1
0
-2
0
-2
0
-2
0
-2
0
-2
-2
-1
-1
-1
-1
-1
-1
-1
-2
-2
0
-2
0
-2
0
-2
0
-2
-2
-1
-1
-1
-1
-1
-1
-1
-2
-2
0
-2
0
-2
0
-2
0
-2
0
-1
-1
-1
-1
-1
-1
-1
0
0
4
4
4
4
4
4
4
4
4
4
4
4
4
4
4
0
5
0
0
0
0
0
0
0
0
0
0
0
0
0
0
0
5
5
0
0
4
4
4
4
4
0
0
0
0
0
0
0
0
5
5
0
5
7
7
7
7
7
5
0
0
0
0
0
0
0
5
5
0
5
7
7
7
7
7
5
0
0
0
0
0
0
0
5
5
0
5
7
7
7
7
7
5
0
0
0
0
0
4
5
5
5
0
5
7
7
7
7
7
5
0
0
0
0
0
9
5
5
5
0
0
4
4
8
4
4
0
0
0
0
0
0
4
5
5
5
0
0
0
0
0
0
0
0
0
0
0
0
0
0
0
5
5
0
0
0
0
0
0
0
0
0
0
0
0
0
0
0
5
5
0
0
0
0
0
0
0
2
0
0
0
0
0
0
0
5
5
0
0
0
0
0
0
0
0
0
0
0
0
0
0
0
5
5
0
7
4
4
7
0
0
0
0
0
7
4
4
7
0
5
5
0
5
6
6
5
0
0
0
0
0
5
6
6
5
0
5
5
0
7
4
4
7
0
0
0
0
0
7
4
4
7
0
5
5
0
0
0
0
0
0
0
0
0
0
0
0
0
0
0
5
0
4
4
4
4
4
4
4
10
4
4
4
4
4
4
4
0
